3.mp4 737 30 1 737
5.mp4 1862 25 160 1862
10.mp4 1796 30 349 1796
11.mp4 297 24 210 297
12.mp4 910 24 -1 -1
13.mp4 876 24 803 876
14.mp4 642 24 -1 -1
15.mp4 446 24 -1 -1
16.mp4 907 24 784 862
17.mp4 924 24 818 924
18.mp4 378 24 258 339
19.mp4 684 24 -1 -1
20.mp4 989 24 -1 -1
21.mp4 725 24 -1 -1
22.mp4 1030 24 -1 -1
23.mp4 578 24 -1 -1
24.mp4 671 24 -1 -1
25.mp4 357 24 -1 -1
27.mp4 588 24 1 404 567 588
28.mp4 945 25 92 321 807 945
30a.mp4 229 25 20 228
30b.mp4 191 25 1 178
31.mp4 3947 25 512 3525
32.mp4 1137 30 520 1020
36a.mp4 454 30 -1 -1
36b.mp4 1899 30 1 1884
36c.mp4 545 30 1 544
42.mp4 347 25 -1 -1 
47.mp4 151 25 -1 -1
50.mp4 318 25 -1 -1
51.mp4 312 25 -1 -1
52.mp4 330 30 -1 -1
53.mp4 322 24 78 126
54.mp4 572 25 -1 -1
55.mp4 363 25 -1 -1
56.mp4 1012 60 -1 -1
57.mp4 255 30 54 255
59.mp4 473 25 -1 -1
60.mp4 822 50 -1 -1
62.mp4 712 24 320 530 580 712
63.mp4 432 25 -1 -1
65.mp4 742 24 -1 -1
66.mp4 628 24 -1 -1
67a.mp4 118 25 1 118
67b.mp4 237 25 1 235
68.mp4 850 25 98 360 448 677
69.mp4 2147 30 378 2147
70.mp4 2905 30 2369 2866
71.mp4 1128 25 1 1128
72.mp4 400 30 1 400
75.mp4 712 25 80 687   
76.mp4 816 25 38 699          
78.mp4 510 25 1 510 
80.mp4 1811 25 1 1811   
82a.mp4 390 25 1 389
82b.mp4 77 25 1 76
83.mp4 166 30 1 166  
84.mp4 1576 25 1 1576
85.mp4 7558 25 1 395 566 709 951 1187 1551 6258
87.mp4 3158 25 1 2264
88.mp4 1173 30 1 1173
89.mp4 3058 30 707 2915
90.mp4 2081 25 199 2081
92.mp4 588 6 225 340
93.mp4 2973 1 82 249 492 1129 2600
